seed= 1495053098
a               = 1.06806          +/- 0.002023     (0.1894%)
b               = 11823.8          +/- 116.8        (0.9877%)

