seed=1495053447
a               = 0.850989         +/- 0.001342     (0.1577%)
b               = -0.470593        +/- 77.5         (1.647e+04%)

