seed=1495053759
a               = 1.20196          +/- 0.001622     (0.1349%)
b               = -3289.18         +/- 93.63        (2.846%)

