seed=1495053975
a               = 1.36484          +/- 0.002177     (0.1595%)
b               = -427.447         +/- 125.7        (29.41%)

