seed=1495054281
a               = 1.05739          +/- 0.002085     (0.1971%)
b               = -4585.46         +/- 120.3        (2.625%)

