a               = -1.06745         +/- 0.05946      (5.57%)
b               = -11.3512         +/- 0.2748       (2.421%)

